-->287326cf-471b-4a7b-8e32-45a0f3e47436.0
Form\Форма\Форма.bsl-->ed5ab0d4-ec42-41b8-9d84-cc295e9bfc86.0 (10 997, 15 134)
Form\ФормаВыбораИзСписка\Форма.bsl-->f8f56afe-bb23-4e81-b916-da2afba167e1.0 (926, 1 136)
Form\ФормаВыбораПредопределенныхЭлементов\Форма.bsl-->d2a220d7-e132-4ed4-9de4-40a3c5cb189b.0 (951, 1 338)
Form\ФормаВыбораТипа\Форма.bsl-->387c1f8a-3762-4dd1-b304-23df7c5c191c.0 (1 975, 2 536)
Form\ФормаВыборПериода\Форма.bsl-->50dcdd4f-7bf5-4b0e-81fd-f11938ea2036.0 (2 583, 3 125)
Form\ФормаВыгрузкаВОбъект\Форма.bsl-->ba9ffac6-4f08-4a1a-92f7-9ce0c119fb1c.0 (1 701, 2 299)
Form\ФормаВызовКонсолиЗапросовИзОтладчика\Форма.bsl-->7cee509d-4b20-471f-9e0e-0e9db82430d6.0 (1 324, 1 699)
Form\ФормаГенерацииТекстаДляМодуля\Форма.bsl-->21786acb-4ecd-4e0d-8f82-d9c1e1d05589.0 (1 428, 1 980)
Form\ФормаГенерацииТекстаПрисвоенияЗначенийПеременнымПараметров\Форма.bsl-->d8288e72-dd4a-41a4-9b5d-4cd4ef2939b0.0 (130, 139)
Form\ФормаГраница\Форма.bsl-->62d614b1-0f49-4c07-b32e-1adc7a55e766.0 (382, 551)
Form\ФормаКодЗахватаЗапросаИзОтладчика\Форма.bsl-->57b1d6cd-3d17-485f-af9d-f2361aa4c1a4.0 (1 229, 1 370)
Form\ФормаМоментВремени\Форма.bsl-->eac59ef1-5261-42a6-a1ed-e0b565590a3a.0 (285, 385)
Form\ФормаНастройкаСверткиТаблицыЗначений\Форма.bsl-->1dfacc4f-0d8d-4721-8102-0fd65c00db05.0 (631, 678)
Form\ФормаНастройкаСортировкиТаблицыЗначений\Форма.bsl-->8d3b9b49-2deb-45bf-b461-d69efae57194.0 (586, 632)
Form\ФормаПоказанияЯчеек\Форма.bsl-->15c55a0f-6d68-45e6-a356-f2208a76ef2d.0 (515, 526)
Form\ФормаПутиКФайлуНаСервереПриложения\Форма.bsl-->5cacabb2-595c-473f-be7f-bb1fdb79d811.0 (681, 824)
Form\ФормаРедакторТабличногоДокумента\Форма.bsl-->47c28604-825d-4621-8055-591ee260879d.0 (7 619, 9 024)
Form\ФормаТаблицаЗначений\Форма.bsl-->c6e97d0d-92f2-4434-99be-ddb01b6a9473.0 (1 939, 3 078)
Макеты\ИзображенияМетаданных.mxl-->faa165c8-dfed-4777-957b-71c8cb28c395.0
Макеты\Макет.mxl-->8acf2c65-e9cd-48e4-91f9-d00dddd5e05f.0
