Form\ВыборЗапроса\Форма.bsl-->ecc6a12f-75d3-4796-9746-25ce2c45cc57.0 (1 225, 1 681)
Form\Граница\Форма.bsl-->47db1cd8-fff4-44a9-971a-2e8359dbee58.0 (437, 654)
Form\МоментВремени\Форма.bsl-->fed3087b-a475-4218-bb8a-f95fa43054fe.0 (294, 412)
Form\Настройки\Форма.bsl-->c2cf838d-5d45-4e09-a6a9-eced7e733422.0 (612, 660)
Form\ПланВыполненияЗапроса\Форма.bsl-->8b4b1980-5c44-4b4a-a0e4-bfe18725c7bc.0 (2 717, 2 958)
Form\РезультатЗапроса\Форма.bsl-->8b7179ff-0720-4a87-ae80-bfef00a37785.0 (178, 197)
Form\ТаблицаЗначений\Форма.bsl-->eb90132c-4a4e-4ae0-bd7c-856b005c5fee.0 (1 089, 1 579)
Form\ТекстЗапросаДляКонфигуратора\Форма.bsl-->084e454a-84e5-400c-8124-916a9da5a87a.0 (184, 221)
Form\Форма\Форма.bsl-->2cf0265b-ff91-4db6-a9a7-9c6315759e2a.0 (3 794, 5 432)
Макеты\РезультатВыполненияЗапроса.mxl-->dc11d114-2713-4e0f-b85b-5e54213f9de0.0
