Form\ВыборВременнойТаблицы\Форма.bsl-->765de47b-e3ea-4f72-9c3e-5a760f4625fa.0 (550, 607)
Form\ВыборВТ\Форма.bsl-->e88421ed-3e34-44ca-931b-858d60566694.0 (418, 453)
Form\ВыборТаблицы\Форма.bsl-->18056a62-5d3c-4d4f-bdf0-ec96bcd7c2d7.0 (916, 1 483)
Form\ВыборТипаЗначения\Форма.bsl-->ec46a4c7-f8dc-4e79-b30b-cdf7b7cf24aa.0 (456, 626)
Form\Выражение\Форма.bsl-->5f570021-6f4f-4833-b9b3-830073c6cd3e.0 (1 553, 2 407)
Form\Граница\Форма.bsl-->30259e7f-4a44-49c5-a297-481184e2660e.0 (235, 273)
Form\КонструкторТЗ\Форма.bsl-->00c5dfe3-a39e-4338-a191-b1a1facbb16a.0 (1 073, 1 360)
Form\КонструкторУИД\Форма.bsl-->4072a599-30a8-46e5-b23e-ac3c7a90be53.0 (282, 317)
Form\Листинг\Форма.bsl-->b4828e43-abcc-4058-85e2-210ccedf7464.0 (131, 189)
Form\Настройки\Форма.bsl-->e940516c-91be-4ae6-98d3-f9efd234f672.0 (720, 774)
Form\ОписаниеВТ\Форма.bsl-->63e6d63a-db1e-4f5c-b94a-c4df0283737b.0 (655, 869)
Form\ПрограммныйКод\Форма.bsl-->b02c0f17-fabc-466b-a94d-2353ee47bc69.0 (499, 535)
Form\СписокФайлов\Форма.bsl-->248d16ac-247d-41dc-9cbf-c63d8c23c1ff.0 (470, 565)
Form\СхемаЗапроса\Форма.bsl-->9a7f2aaa-0711-4f11-8ed6-b5405a2ecb88.0 (10 342, 16 101)
Form\ТекстЗапроса\Форма.bsl-->08bcef80-d2d2-4e70-9f24-bb5cf189ef71.0 (223, 300)
Form\Форма\Форма.bsl-->05764e93-5cc4-4527-99cf-7f01eebb310f.0 (5 059, 7 432)
Form\ШаблоныИнструкций\Форма.bsl-->c4d5f4c3-7b4e-481f-9983-74cf7bd41daf.0 (124, 124)
Макеты\Макет.mxl-->94f570a7-2b2e-448a-8649-1e4108adb949.0
