Form\Основная\Форма.bsl-->85ea9b85-390e-4858-9c75-ef23d1f1f6b4.0 (19 363, 29 626)
Form\УКО_АнализИсполняемыхЗапросов\Форма.bsl-->8857042e-fa36-4a81-b6e0-15e2f8b10653.0 (1 395, 1 583)
Form\УКО_АнализПланаЗапроса\Форма.bsl-->3d1f9fbc-3b89-474c-aa26-fb7965f9aba2.0 (3 132, 4 023)
Form\УКО_Вопрос\Форма.bsl-->543fa261-27a7-464b-966c-3018d3625fd0.0 (550, 730)
Form\УКО_ВставкаПредопределенногоЭлемента\Форма.bsl-->88f31959-f182-49d2-a805-530e1bde2949.0 (688, 984)
Form\УКО_ВставкаСсылкиНаОбъектБД\Форма.bsl-->ecbb2a59-115b-42ce-8afe-ece63ab03a64.0 (477, 936)
Form\УКО_ДиалогВыбораНастроек\Форма.bsl-->82bc1529-0020-4fb1-9e60-db46b4ebbff5.0 (1 106, 1 398)
Form\УКО_ДлительнаяОперация\Форма.bsl-->c4200646-69c9-4fd2-a404-42a332673ace.0 (1 014, 1 354)
Form\УКО_ДоступноОбновление\Форма.bsl-->0ad0aaf8-caef-4fbf-b2e0-139d6a14d022.0 (298, 459)
Form\УКО_ЗагрузкаВТаблицуЗначений\Форма.bsl-->610e1b8e-a232-4e0c-9eb9-defe013f81e2.0 (1 163, 1 525)
Form\УКО_ЗаполнениеПараметров\Форма.bsl-->e11295ae-3da7-49ab-8238-1653676723a4.0 (855, 1 068)
Form\УКО_ЗарегистрироватьИзмененияВПланеОбмена\Форма.bsl-->bdbda5e0-8abc-49c2-9bdc-4daa74c9ef63.0 (3 816, 5 375)
Form\УКО_ИсторияВерсий\Форма.bsl-->088f3e55-e97d-47b4-b079-5045158aabf4.0 (274, 561)
Form\УКО_КодНаВстроенномЯзыке\Форма.bsl-->f125cc95-6807-4f1e-be78-d16d58b5c4aa.0 (1 344, 1 871)
Form\УКО_КонструкторСтрокиДляОтладки\Форма.bsl-->e3a159bf-9e16-4c2e-85ce-74b943cdb0aa.0 (1 478, 1 895)
Form\УКО_НастройкаСравнения\Форма.bsl-->58334c23-1489-434b-bc33-45d5f38034b5.0 (788, 1 019)
Form\УКО_Настройки\Форма.bsl-->50fdaf32-4586-4c1b-9cd7-a53d2e929ac1.0 (2 366, 2 781)
Form\УКО_ОбработкаРезультата\Форма.bsl-->1a1a6b2c-2ddd-4881-82db-6de70f76d301.0 (5 351, 7 751)
Form\УКО_ОткрытиеТаблицыЗначений\Форма.bsl-->41f1524b-5844-4d2f-af65-4bdc6755e3ce.0 (3 009, 4 186)
Form\УКО_ПереименованиеПараметра\Форма.bsl-->59b1e79e-c1e9-4be5-8d9f-5b8db3330d41.0 (379, 549)
Form\УКО_РасшифровкаДанныхСтроки\Форма.bsl-->81fa33cd-0b19-495a-a7bc-da80c90929d0.0 (1 035, 1 382)
Form\УКО_РедактированиеВыражения\Форма.bsl-->30b0df95-59ce-4956-84d3-55e02ce0d2d8.0 (1 525, 1 890)
Form\УКО_РедактированиеГраницы\Форма.bsl-->54e99b0b-8282-4a63-ad1c-766263068772.0 (388, 648)
Form\УКО_РедактированиеИдентификатора\Форма.bsl-->56ab97e6-05c3-4b03-970f-7113961535eb.0 (379, 622)
Form\УКО_РедактированиеКолонкиТаблицыЗначений\Форма.bsl-->11a3ff2d-a9cb-4c0b-897d-da6449e246b5.0 (545, 796)
Form\УКО_РедактированиеМоментаВремени\Форма.bsl-->9a826454-3204-4c0f-a0cc-3d79a9783876.0 (388, 639)
Form\УКО_РедактированиеСпискаЗначений\Форма.bsl-->920dc04a-57be-419b-a527-7a3f761b3a9a.0 (887, 1 809)
Form\УКО_РедактированиеТипа\Форма.bsl-->f84567f8-011f-4c75-9e3e-405cfb0631e2.0 (1 412, 1 871)
Form\УКО_РедактированиеУникальногоИдентификатора\Форма.bsl-->d682977a-2043-44d5-be90-30685d2cf1a3.0 (302, 379)
Form\УКО_РезультатВОтдельномОкне\Форма.bsl-->b0ab0e02-c448-4cb1-a257-a40c12344b02.0 (911, 2 156)
Form\УКО_ЭкспортВ\Форма.bsl-->998c516e-dd99-4267-9a0a-7f07e2c1fbee.0 (796, 1 022)
Form\УКО_ЭкспортВоВнешнийОтчет\Форма.bsl-->6a2567c1-4617-4904-a1af-f94fe635929a.0 (621, 802)
Макеты\УКО_ИсторияВерсий.mxl-->72ccb7ef-9abb-472a-be64-47bfbabdc005.0
Макеты\УКО_ИсторияВерсий.mxl-->a04c0678-d835-48de-8837-b25cb020bdc3.0
Макеты\УКО_РезультатЗапроса.mxl-->00435954-fa36-4434-acce-e5d384531a4e.0
Макеты\УКО_ФункцииЯзыкаЗапросов.mxl-->49c234bf-517e-43fc-bb9f-363b3bc30b79.0
Макеты\УКО_ШаблонФайлаНастройкиТехнологическогоЖурнала.txt-->4c9f39e2-d1bd-437d-a5a9-4bff5ef12b18.0
Макеты\УКО_ШаблоныРедактированияВыраженияВнешнегоИсточника.mxl-->3a1cdc28-d1dd-43a6-b312-0866d1479469.0
Макеты\УКО_ШаблоныРедактированияВыраженияВнешнегоИсточника.mxl-->0782ea7c-306e-4383-b6d7-6241e211c8db.0
Макеты\УКО_ШаблоныРедактированияВыраженияПараметр.mxl-->acc4b821-4a08-4ef7-ba56-6f543f46dc00.0
Макеты\УКО_ШаблоныРедактированияВыраженияПараметр.mxl-->e7e75b38-551d-4c5f-bd28-91741ddd0539.0
